1: [9.602366e-01,-1.332612e-01, -2.443637e-01, 2.176019e-02]
2: [-6.409431e-01,1.179253e-01, 5.922097e-01, 4.738915e-01]
3: [1.528282e-01,4.828284e-01, 2.231341e-01, 8.329054e-01]
a: [-6.720035e-01,4.609937e-01, 5.012029e-01, 2.910184e-01]
b: [1.023001e-04,6.040418e-01, -3.246239e-01, 7.278412e-01]
c: [4.066793e-01,4.469701e-01, -9.695296e-02, 7.908412e-01]
7: [9.478902e-02,5.290809e-01, 1.608769e-01, 8.277724e-01]
e: [-2.380768e-01,6.380121e-01, 5.575390e-02, 7.301722e-01]
f: [6.795695e-01,5.081577e-01, -4.920861e-01, 1.944541e-01]
g: [3.524022e-01,5.041435e-01, -3.234961e-01, 7.190287e-01]
h: [-5.689110e-01,1.290582e-04, 1.457027e-03, 8.223978e-01]
i: [-5.411019e-02,6.380309e-01, 9.991348e-02, 7.615812e-01]
l: [-7.993776e-01,2.191507e-02, 5.466046e-01, 2.484727e-01]
k: [-9.930007e-01,8.512111e-04, -1.380713e-03, 1.180976e-01]
j: [-2.051850e-01,1.854235e-01, 1.246912e-01, 9.528743e-01]
n: [-6.288817e-02,2.137851e-01, 1.411805e-01, 9.645772e-01]
m: [-5.602133e-01,3.090569e-01, 1.424666e-01, 7.552140e-01]
q: [8.077446e-01,1.854427e-01, -2.021360e-01, 5.218243e-01]
o: [-5.849045e-01,4.672569e-01, 2.294796e-01, 6.220103e-01]
p: [-7.026508e-01,4.542575e-01, 3.747292e-01, 3.993870e-01]
r: [-7.390546e-01,1.237079e-02, 5.537256e-01, 3.834490e-01]
t: [3.476938e-01,5.404847e-01, 4.705564e-02, 7.647033e-01]
u: [-7.221865e-01,1.570717e-01, 1.412583e-01, 6.586511e-01]
w: [-2.582562e-01,5.844432e-01, 1.255607e-01, 7.589232e-01]
y: [-9.034219e-01,-6.875562e-02, 4.111846e-01, 1.001435e-01]
v: [-2.396932e-01,2.231788e-03, 8.194772e-05, 9.708461e-01]
s: [7.194914e-01,4.115883e-02, -5.688759e-01, 3.962553e-01]
z: [-2.884803e-01,4.741812e-01, 4.844575e-01, 6.761895e-01]
x: [2.208932e-01,5.254857e-01, -8.997545e-02, 8.166856e-01]