fm18p2 : [-4.825993e-01,5.694312e-01, 2.679039e-01, 6.091581e-01]
mm18p2 : [2.779618e-01,3.816472e-01, -3.924449e-01, 7.893476e-01]
nm18p2 : [-6.497825e-01,7.405612e-02, 1.155708e-01, 7.476241e-01]
om18p2 : [-5.050480e-02,4.925588e-01, 8.202260e-02, 8.649320e-01]
dm18p2 : [9.674816e-01,1.104619e-02, -2.392644e-01, 8.130072e-02]
fm8p2 : [-4.978395e-01,6.266505e-01, 2.333788e-01, 5.522675e-01]
mm8p2 : [3.123804e-01,4.445153e-01, -3.546302e-01, 7.609613e-01]
nm8p2 : [-6.562344e-01,1.522277e-01, 6.672467e-02, 7.360237e-01]
om8p2 : [-5.351502e-02,5.647348e-01, 9.076896e-02, 8.185180e-01]
dm8p2 : [-5.726457e-01,4.650706e-06, 5.223191e-03, 8.197864e-01]
f1p8 : [6.779882e-01,5.129166e-01, -4.867402e-01, 2.008296e-01]
m1p8 : [3.492911e-01,5.081909e-01, -3.114087e-01, 7.230231e-01]
n1p8 : [-2.128978e-01,1.850898e-01, 1.257982e-01, 9.511000e-01]
o1p8 : [-5.850130e-02,6.382725e-01, 1.068229e-01, 7.601149e-01]
d1p8 : [-5.760900e-01,2.528980e-04, 1.416896e-03, 8.173850e-01]
f11p8 : [5.454143e-01,2.311449e-01, -6.278615e-01, 5.048616e-01]
m11p8 : [3.768457e-01,5.601836e-01, -2.737476e-01, 6.850138e-01]
n11p8 : [-2.220148e-01,2.644839e-01, 1.252375e-01, 9.300931e-01]
o11p8 : [-5.853375e-02,6.981215e-01, 1.097344e-01, 7.050947e-01]
d11p8 : [-9.586373e-02,2.606449e-03, 1.594507e-03, 9.953898e-01]
f17p5 : [5.785730e-01,2.492596e-01, -5.978839e-01, 4.956387e-01]
m17p5 : [3.958049e-01,5.908744e-01, -2.515541e-01, 6.564498e-01]
n17p5 : [-2.241086e-01,3.118371e-01, 1.222574e-01, 9.151973e-01]
o17p5 : [7.316697e-01,6.899332e-02, -6.675948e-01, 1.192336e-01]
d17p5 : [9.953620e-01,-1.510008e-03, -5.431707e-04, 9.618649e-02]